### Kick-off
##### 1. To start off, who would not want to do a Hello World program first. But instead of the basic output "Hello World!", why not give yourself a message on starting this kind of project. 

```
Use each languages' fn to show your message for yourself.
```
***
##### 2. Find the Longest Word in a String

```
Find the length of the longest word in the provided sentence. 
Your response should be the longest word and its length.
```

'What ifs?'
- Given statement is not a string.
- Words with the same length.

***
##### 3. Reverse a String

```
Reverse the provided string.
You may need to turn the string into an array before you can reverse it.
The result must be string.
```

***
##### 4. Multiples of 3 and 5

```
If we list all the natural numbers below 10 that are multiples of 3 or 5, we get 3, 5, 6 and 9.
The sum of these multiples is 23.

Find the sum of all the multiples of 3 or 5 below the provided parameter value number.
```

***
#### 5. Title Case A Sentence

```
Return the provided string with the first letter of each word capitalized. 
Make sure the rest of the word is in lower case.
```

*** 
#### 6. Multiplication Table

```
Write a program that prints a multiplication table for numbers up to 12.

  1   2   3   4   5   6   7   8   9   10  11  12
  2   4   6   8   10  12  14  16  18  20  22  24                                            
  3   6   9   12  15  18  21  24  27  30  33  36
  4   8   12  16  20  24  28  32  36  40  44  48      
  5   10  15  20  25  30  35  40  45  50  55  60    
  6   12  18  24  30  36  42  48  54  60  66  72
  7   14  21  28  35  42  49  56  63  70  77  84
  8   16  24  32  40  48  56  64  72  80  88  96    
  9   18  27  36  45  54  63  72  81  90  99  108
  10  20  30  40  50  60  70  80  90  100 110 120
  11  22  33  44  55  66  77  88  99  110 120 132
  12  24  36  48  60  72  84  96  108 120 142 144

```

***
#### 7. Years in a Range (1900 - currentYear)

```
Write a program to count the number of years in a range that has a repeated digit.
For example, 2012 has a repeated digit, but 2013 does not.

Output should be a list of those years, and the total count.
```